name: UdacityRL
channels:
  - pytorch
  - anaconda
  - defaults
dependencies:
  - _libgcc_mutex=0.1=main
  - attrs=19.1.0=py36_1
  - blas=1.0=mkl
  - ca-certificates=2019.5.15=1
  - certifi=2019.6.16=py36_1
  - cffi=1.12.3=py36h2e261b9_0
  - cudatoolkit=10.1.168=0
  - decorator=4.4.0=py36_1
  - freetype=2.9.1=h8a8886c_1
  - gmp=6.1.2=h6c8ec71_1
  - intel-openmp=2019.4=243
  - ipython=7.7.0=py36h39e3cac_0
  - ipython_genutils=0.2.0=py36_0
  - jinja2=2.10.1=py36_0
  - jpeg=9b=h024ee3a_2
  - jupyter_client=5.3.1=py_0
  - jupyter_core=4.5.0=py_0
  - libedit=3.1.20181209=hc058e9b_0
  - libffi=3.2.1=hd88cf55_4
  - libgcc-ng=9.1.0=hdf63c60_0
  - libgfortran-ng=7.3.0=hdf63c60_0
  - libpng=1.6.37=hbc83047_0
  - libsodium=1.0.16=h1bed415_0
  - libstdcxx-ng=9.1.0=hdf63c60_0
  - libtiff=4.0.10=h2733197_2
  - markupsafe=1.1.1=py36h7b6447c_0
  - mistune=0.8.4=py36h7b6447c_0
  - mkl=2018.0.3=1
  - mkl_fft=1.0.6=py36h7dd41cf_0
  - mkl_random=1.0.1=py36h4414c95_1
  - nb_conda=2.2.1=py36_0
  - nb_conda_kernels=2.2.2=py36_0
  - nbformat=4.4.0=py36_0
  - ncurses=6.1=he6710b0_1
  - ninja=1.9.0=py36hfd86e86_0
  - notebook=6.0.0=py36_0
  - numpy=1.13.3=py36hdbf6ddf_4
  - olefile=0.46=py36_0
  - openssl=1.1.1=h7b6447c_0
  - pandoc=2.2.3.2=0
  - pandocfilters=1.4.2=py36_1
  - pexpect=4.7.0=py36_0
  - pillow=6.1.0=py36h34e0f95_0
  - pip=19.1.1=py36_0
  - prometheus_client=0.7.1=py_0
  - prompt_toolkit=2.0.9=py36_0
  - pycparser=2.19=py36_0
  - pygments=2.4.2=py_0
  - python=3.6.9=h265db76_0
  - python-dateutil=2.8.0=py36_0
  - pytorch-cpu=1.1.0=py3.6_cpu_0
  - readline=7.0=h7b6447c_5
  - setuptools=41.0.1=py36_0
  - six=1.12.0=py36_0
  - sqlite=3.29.0=h7b6447c_0
  - testpath=0.4.2=py36_0
  - tk=8.6.8=hbc83047_0
  - torchvision-cpu=0.3.0=py36_cuNone_1
  - tornado=6.0.3=py36h7b6447c_0
  - traitlets=4.3.2=py36_0
  - wheel=0.33.4=py36_0
  - xz=5.2.4=h14c3975_4
  - zeromq=4.3.1=he6710b0_3
  - zlib=1.2.11=h7b6447c_3
  - zstd=1.3.7=h0b5b093_0
  - pip:
    - atomicwrites==1.3.0
    - backcall==0.1.0
    - bleach==3.1.0
    - chardet==3.0.4
    - cycler==0.10.0
    - defusedxml==0.6.0
    - docopt==0.6.2
    - entrypoints==0.3
    - grpcio==1.11.0
    - html5lib==0.9999999
    - importlib-metadata==0.19
    - ipykernel==5.1.2
    - ipython-genutils==0.2.0
    - ipywidgets==7.5.1
    - jedi==0.15.0
    - jsonschema==3.0.2
    - jupyter==1.0.0
    - jupyter-console==6.0.0
    - kiwisolver==1.1.0
    - matplotlib==3.1.1
    - more-itertools==7.2.0
    - nbconvert==5.6.0
    - packaging==19.1
    - parso==0.5.1
    - pickleshare==0.7.5
    - pluggy==0.12.0
    - protobuf==3.5.2
    - ptvsd==4.3.0
    - ptyprocess==0.6.0
    - py==1.8.0
    - pyparsing==2.4.2
    - pyrsistent==0.15.4
    - pytest==5.0.1
    - pyyaml==5.1.2
    - pyzmq==18.1.0
    - qtconsole==4.5.2
    - send2trash==1.5.0
    - tensorboard==1.7.0
    - tensorflow==1.7.1
    - terminado==0.8.2
    - torchsummary==1.5.1
    - unityagents==0.4.0
    - urllib3==1.25.3
    - wcwidth==0.1.7
    - webencodings==0.5.1
    - werkzeug==0.15.5
    - widgetsnbextension==3.5.1
    - zipp==0.5.2
prefix: /home/pinakigupta/anaconda3/envs/UdacityRL

